72
1 c 0 2 71 13
2 G 1 3 70 14
3 C 2 4 69 15
4 U 3 5 68 16
5 U 4 6 67 17
6 C 5 7 66 18
7 A 6 8 65 19
8 U 7 9 64 20
9 A 8 10 63 21
10 U 9 11 40 22
11 A 10 12 0 23
12 A 11 13 0 24
13 U 12 14 33 25
14 C 13 15 32 26
15 C 14 16 31 27
16 U 15 17 30 28
17 A 16 18 29 29
18 A 17 19 28 30
19 U 18 20 0 31
20 G 19 21 0 32
21 A 20 22 0 33
22 U 21 23 0 34
23 A 22 24 0 35
24 U 23 25 0 36
25 G 24 26 49 37
26 G 25 27 48 38
27 U 26 28 0 39
28 U 27 29 18 40
29 U 28 30 17 41
30 G 29 31 16 42
31 G 30 32 15 43
32 G 31 33 14 44
33 A 32 34 13 45
34 G 33 35 41 46
35 U 34 36 0 47
36 U 35 37 0 48
37 U 36 38 0 49
38 C 37 39 0 50
39 U 38 40 0 51
40 A 39 41 10 52
41 C 40 42 34 53
42 C 41 43 60 54
43 A 42 44 59 55
44 A 43 45 58 56
45 G 44 46 57 57
46 A 45 47 56 58
47 G 46 48 55 59
48 C 47 49 26 60
49 C 48 50 25 61
50 U 49 51 0 62
51 U 50 52 0 63
52 A 51 53 0 64
53 A 52 54 0 65
54 A 53 55 0 66
55 C 54 56 47 67
56 U 55 57 46 68
57 C 56 58 45 69
58 U 57 59 44 70
59 U 58 60 43 71
60 G 59 61 42 72
61 A 60 62 0 73
62 U 61 63 72 74
63 U 62 64 9 75
64 A 63 65 8 76
65 U 64 66 7 77
66 G 65 67 6 78
67 A 66 68 5 79
68 A 67 69 4 80
69 G 68 70 3 81
70 U 69 71 2 82
71 G 70 0 1 83
72 a 0 0 62 90
