0 31
1 33
2 32
3 36
4 31
5 33
6 29
7 35
8 30
9 28
10 37
11 27
12 30
13 29
14 28
15 28
16 31
17 31
18 32
19 35
20 31
21 34
22 34
23 33
24 29
25 31
26 34
27 31
28 31
29 35
30 32
31 29
32 35
33 29
34 32
35 35
36 27
37 34
38 32
39 34
40 32
41 32
42 29
43 32
44 29
45 32
46 33
47 31
48 27
49 29
50 31
51 31
52 30
53 30
54 29
55 33
56 36
57 35
58 31
59 31
60 31
61 31
62 33
63 33
64 29
65 32
66 31
67 33
68 34
69 30
70 32
71 32
72 32
73 33
74 33
75 29
76 32
77 33
78 33
79 29
80 31
81 35
82 31
83 30
84 33
85 28
86 25
87 30
88 27
89 29
90 31
91 30
92 31
93 33
94 30
95 30
96 31
97 29
98 29
99 34
100 28
101 32
102 29
103 31
104 29
105 33
106 31
107 28
108 31
109 30
110 32
111 32
112 34
113 30
114 31
115 26
116 29
117 34
118 30
119 33
120 33
121 27
122 33
123 33
124 33
125 30
126 27
127 33
128 30
129 32
130 31
131 34
132 30
133 33
134 31
135 33
136 33
137 28
138 36
139 30
140 32
141 25
142 33
143 35
144 33
145 27
146 28
147 25
148 27
149 25
150 29
151 33
152 35
153 29
154 29
155 32
156 27
157 28
158 32
159 31
160 33
161 34
162 31
163 31
164 29
165 29
166 30
167 27
168 28
169 31
170 30
171 29
172 30
173 28
174 27
175 29
176 29
177 29
178 34
179 31
180 28
181 28
182 30
183 33
184 30
185 30
186 34
187 31
188 24
189 31
190 30
191 32
192 29
193 32
194 33
195 31
196 35
197 32
198 29
199 31
200 29
201 31
202 32
203 30
204 28
205 34
206 31
207 30
208 32
209 33
210 28
211 30
212 30
213 30
214 30
215 31
216 32
217 28
218 28
219 33
220 32
221 32
222 32
223 33
224 30
225 31
226 32
227 32
228 30
229 32
230 33
231 34
232 29
233 30
234 28
235 30
236 30
237 29
238 26
239 26
240 33
241 34
242 30
243 28
244 27
245 29
246 31
247 29
248 37
249 32
250 34
251 29
252 31
253 33
254 31
255 35
256 31
257 32
258 34
259 33
260 32
261 31
262 32
263 30
264 26
265 32
266 32
267 30
268 33
269 27
270 31
271 32
272 34
273 31
274 30
275 32
276 30
277 31
278 31
279 33
280 29
281 34
282 33
283 32
284 33
285 31
286 34
287 31
288 29
289 28
290 34
291 32
292 28
293 34
294 31
295 30
296 34
297 35
298 34
299 33
300 30
301 33
302 34
303 34
304 31
305 33
306 31
307 27
308 34
309 34
310 32
311 27
312 30
313 32
314 30
315 32
316 34
317 31
318 33
319 33
320 33
321 33
322 31
323 33
324 34
325 33
326 32
327 31
328 33
329 31
330 31
331 31
332 30
333 29
334 31
335 28
336 30
337 34
338 29
339 34
340 31
341 31
342 31
343 36
344 30
345 38
346 30
347 33
348 33
349 30
350 32
351 34
352 33
353 30
354 31
355 30
356 31
357 30
358 29
359 31
360 35
361 32
362 28
363 30
364 34
365 34
366 32
367 27
368 33
369 32
370 31
371 33
372 35
373 33
374 30
375 33
376 34
377 32
378 32
379 34
380 33
381 34
382 31
383 34
384 33
385 32
386 28
387 33
388 34
389 37
390 24
391 32
392 34
393 33
394 29
395 36
396 33
397 30
398 36
399 35
400 32
401 34
402 29
403 34
404 34
405 31
406 35
407 38
408 28
409 31
410 33
411 32
412 30
413 34
414 32
415 35
416 34
417 29
418 28
419 28
420 31
421 26
422 30
423 32
424 35
425 28
426 30
427 31
428 31
429 37
430 25
431 29
432 39
433 27
434 32
435 34
436 32
437 38
438 35
439 33
440 33
441 34
442 30
443 31
444 30
445 34
446 32
447 30
448 33
449 34
450 28
451 34
452 33
453 32
454 34
455 34
456 28
457 29
458 27
459 37
460 30
461 31
462 32
463 26
464 33
465 32
466 35
467 31
468 36
469 30
470 31
471 34
472 32
473 32
474 30
475 33
476 32
477 31
478 31
479 30
480 32
481 33
482 31
483 33
484 31
485 30
486 33
487 33
488 33
489 28
490 30
491 32
492 30
493 35
494 34
495 29
496 30
497 32
498 32
499 32
500 30
501 31
