0 30
1 23
2 29
3 29
4 27
5 22
6 31
7 29
8 26
9 28
10 27
11 28
12 30
13 29
14 24
15 30
16 26
17 30
18 27
19 32
20 28
21 32
22 31
23 27
24 31
25 30
26 32
27 33
28 35
29 31
30 29
31 27
32 31
33 35
34 28
35 36
36 28
37 28
38 29
39 25
40 28
41 28
42 27
43 27
44 34
45 23
46 30
47 33
48 28
49 33
50 26
51 33
52 27
53 27
54 27
55 27
56 29
57 29
58 28
59 32
60 38
61 27
62 30
63 33
64 24
65 32
66 33
67 30
68 29
69 31
70 27
71 32
72 36
73 28
74 28
75 29
76 30
77 28
78 28
79 30
80 30
81 30
82 28
83 31
84 25
85 26
86 27
87 32
88 33
89 27
90 36
91 29
92 24
93 26
94 30
95 28
96 32
97 28
98 29
99 31
100 35
101 27
102 31
103 35
104 28
105 27
106 32
107 34
108 27
109 35
110 25
111 27
112 30
113 28
114 28
115 25
116 30
117 23
118 31
119 32
120 30
121 23
122 34
123 30
124 28
125 28
126 28
127 25
128 31
129 29
130 28
131 24
132 30
133 25
134 29
135 28
136 29
137 29
138 28
139 26
140 30
141 28
142 27
143 23
144 25
145 28
146 32
147 24
148 29
149 26
150 26
151 30
152 31
153 29
154 29
155 25
156 31
157 35
158 28
159 32
160 25
161 32
162 30
163 30
164 28
165 27
166 25
167 22
168 24
169 33
170 31
171 29
172 28
173 30
174 22
175 29
176 29
177 29
178 34
179 28
180 32
181 28
182 30
183 26
184 23
185 27
186 31
187 27
188 27
189 28
190 32
191 28
192 23
193 25
194 27
195 29
196 32
197 26
198 29
199 27
200 21
201 29
202 28
203 26
204 31
205 29
206 27
207 25
208 22
209 24
210 25
211 28
212 18
213 26
214 27
215 27
216 29
217 30
218 34
219 28
220 30
221 34
222 27
223 27
224 26
225 30
226 26
227 29
228 32
229 27
230 27
231 26
232 31
233 27
234 29
235 26
236 30
237 26
238 30
239 30
240 32
241 23
242 27
243 33
244 30
245 28
246 31
247 30
248 30
249 22
250 25
251 28
252 28
253 24
254 25
255 25
256 22
257 30
258 26
259 31
260 28
261 31
262 27
263 28
264 29
265 25
266 32
267 29
268 28
269 32
270 33
271 31
272 31
273 32
274 31
275 28
276 28
277 32
278 29
279 37
280 31
281 25
282 29
283 25
284 26
285 34
286 27
287 33
288 24
289 38
290 30
291 26
292 27
293 30
294 27
295 25
296 31
297 34
298 28
299 30
300 35
301 28
302 28
303 28
304 28
305 28
306 32
307 30
308 29
309 28
310 25
311 27
312 31
313 27
314 28
315 31
316 33
317 23
318 34
319 26
320 33
321 31
322 26
323 30
324 26
325 29
326 30
327 24
328 29
329 31
330 30
331 29
332 28
333 30
334 29
335 27
336 31
337 30
338 26
339 31
340 31
341 30
342 25
343 28
344 27
345 33
346 27
347 34
348 31
349 30
350 29
351 26
352 28
353 30
354 29
355 28
356 25
357 27
358 32
359 27
360 30
361 27
362 29
363 28
364 28
365 28
366 24
367 29
368 29
369 31
370 24
371 35
372 28
373 29
374 25
375 24
376 29
377 33
378 32
379 32
380 28
381 26
382 29
383 33
384 28
385 30
386 24
387 26
388 33
389 26
390 29
391 30
392 29
393 27
394 30
395 30
396 31
397 36
398 31
399 29
400 29
401 26
402 30
403 28
404 29
405 26
406 21
407 20
408 34
409 27
410 27
411 31
412 35
413 30
414 28
415 24
416 32
417 31
418 24
419 28
420 27
421 30
422 24
423 30
424 32
425 24
426 31
427 25
428 30
429 26
430 28
431 26
432 25
433 24
434 31
435 29
436 23
437 28
438 24
439 27
440 24
441 30
442 24
443 27
444 31
445 28
446 26
447 27
448 29
449 28
450 27
451 30
452 27
453 32
454 24
455 30
456 23
457 29
458 28
459 27
460 32
461 32
462 33
463 29
464 27
465 29
466 31
467 26
468 27
469 29
470 25
471 28
472 29
473 27
474 31
475 25
476 27
477 28
478 31
479 28
480 31
481 28
482 28
483 31
484 29
485 28
486 30
487 27
488 31
489 28
490 26
491 29
492 33
493 29
494 28
495 26
496 29
497 27
498 32
499 29
500 30
501 32
